self-play次数,loss,entropy
3,3.921922206878662,2.314582586288452
4,4.344132423400879,2.1473755836486816
5,4.587462425231934,2.92063570022583
6,3.7436509132385254,2.487710952758789
7,3.842324733734131,2.663595676422119
8,3.7817611694335938,2.7503843307495117
9,3.6534271240234375,2.673429489135742
10,3.546018123626709,2.713189125061035
11,3.387112617492676,2.548797130584717
12,3.3166089057922363,2.5507233142852783
13,3.2648181915283203,2.5677223205566406
14,3.2118821144104004,2.624654769897461
15,3.200404644012451,2.510780096054077
16,3.0817031860351562,2.4426045417785645
17,3.005074977874756,2.3827250003814697
18,2.9968647956848145,2.5103602409362793
19,3.0814576148986816,2.5064327716827393
20,3.042809247970581,2.5029797554016113
21,2.9918534755706787,2.474583387374878
22,2.904125928878784,2.4350392818450928
23,2.9072248935699463,2.491347074508667
24,2.901944398880005,2.4637091159820557
25,2.9266791343688965,2.4806900024414062
26,2.855451822280884,2.412048101425171
27,2.8863766193389893,2.4176416397094727
28,2.905320882797241,2.43084454536438
29,2.807450771331787,2.3814406394958496
30,2.858330726623535,2.3329293727874756
31,3.0594482421875,2.415849447250366
32,3.0377695560455322,2.5074753761291504
33,2.969210624694824,2.3350093364715576
34,2.9982635974884033,2.365638017654419
35,2.865579605102539,2.391704797744751
36,3.024296522140503,2.429121255874634
37,2.904200553894043,2.4146463871002197
38,2.87316632270813,2.437878370285034
39,2.768277883529663,2.2858150005340576
40,2.7985358238220215,2.421739339828491
41,2.7771220207214355,2.2870688438415527
42,2.8228461742401123,2.312559127807617
43,2.755908727645874,2.285460948944092
44,2.7662386894226074,2.331439733505249
45,2.854421615600586,2.3703839778900146
46,2.7898130416870117,2.3927724361419678
47,2.751934051513672,2.3259360790252686
48,2.7840585708618164,2.2672715187072754
49,2.741011381149292,2.2883927822113037
50,2.6818442344665527,2.325983762741089
51,2.7695770263671875,2.360349655151367
52,2.6428658962249756,2.267488479614258
53,2.6591763496398926,2.2604563236236572
54,2.7741243839263916,2.3571219444274902
55,2.7082104682922363,2.2782115936279297
56,2.648271322250366,2.1871516704559326
57,2.654003381729126,2.200983762741089
58,2.6514759063720703,2.1964926719665527
59,2.6386518478393555,2.264845371246338
60,2.790975332260132,2.3499765396118164
61,2.8230032920837402,2.37492299079895
62,2.6890029907226562,2.302799701690674
63,2.757220506668091,2.2934727668762207
64,2.7252094745635986,2.2272160053253174
65,2.722517251968384,2.3237133026123047
66,2.755640983581543,2.356269598007202
67,2.820254325866699,2.434068441390991
68,2.6985297203063965,2.298208236694336
69,2.666781425476074,2.2579476833343506
70,2.7346301078796387,2.267071008682251
71,2.7837274074554443,2.2737908363342285
72,2.6917972564697266,2.235996961593628
73,2.7152087688446045,2.2616686820983887
74,2.6764228343963623,2.184431791305542
75,2.7944717407226562,2.2596449851989746
76,2.619957447052002,2.216399908065796
77,2.804070472717285,2.2212467193603516
78,2.5390777587890625,2.1440320014953613
79,2.6052396297454834,2.166163444519043
80,2.7194299697875977,2.1679158210754395
81,2.775935173034668,2.3088631629943848
82,2.671964645385742,2.2330827713012695
83,2.6922528743743896,2.20151686668396
84,2.7507755756378174,2.2176246643066406
85,2.8160362243652344,2.343285083770752
86,2.7943129539489746,2.3599414825439453
87,2.9239614009857178,2.356778621673584
88,2.7909739017486572,2.3209269046783447
89,2.8505520820617676,2.338782548904419
90,2.742259979248047,2.2837202548980713
91,2.7433547973632812,2.289681911468506
92,2.939652442932129,2.373197555541992
93,2.860581398010254,2.3379054069519043
94,2.800748348236084,2.2837297916412354
95,2.946747064590454,2.3548178672790527
96,2.8710274696350098,2.375816583633423
97,2.869900703430176,2.2750723361968994
98,2.955477237701416,2.3383610248565674
99,2.8550758361816406,2.298717498779297
100,2.813077449798584,2.3512396812438965
101,2.850821018218994,2.33475923538208
102,2.8137876987457275,2.3018555641174316
103,2.8554999828338623,2.330883264541626
104,2.8192498683929443,2.3280837535858154
105,2.8058767318725586,2.2650182247161865
106,2.9406685829162598,2.3621392250061035
107,2.8279030323028564,2.3540525436401367
108,2.818488597869873,2.2990405559539795
109,2.813892364501953,2.3407845497131348
110,2.820960283279419,2.3065671920776367
111,2.91583251953125,2.362941265106201
112,2.793485641479492,2.2745964527130127
113,2.9612739086151123,2.357091188430786
114,2.992105007171631,2.34521484375
115,2.880598783493042,2.286647319793701
116,2.8848721981048584,2.3184540271759033
117,2.9397225379943848,2.346836566925049
118,2.9452500343322754,2.3291242122650146
119,3.066974401473999,2.380481004714966
120,3.0006253719329834,2.378740072250366
121,2.964881420135498,2.3640894889831543
122,2.912696599960327,2.3172783851623535
123,2.833258867263794,2.2685935497283936
124,2.992485523223877,2.3380680084228516
125,2.8812153339385986,2.3014650344848633
126,2.800102710723877,2.31406831741333
127,2.797654151916504,2.306375741958618
128,2.8331551551818848,2.277508020401001
129,2.965334892272949,2.3320255279541016
130,2.862534523010254,2.3098251819610596
131,2.8901615142822266,2.320225954055786
132,2.822835922241211,2.270164728164673
133,2.9550673961639404,2.3038127422332764
134,2.8731689453125,2.242032527923584
135,2.986034870147705,2.277857780456543
136,2.797715187072754,2.2008161544799805
137,2.9359233379364014,2.330320119857788
138,2.814533233642578,2.3206160068511963
139,2.928060531616211,2.2505648136138916
140,2.8362655639648438,2.311119556427002
141,2.8132357597351074,2.3315541744232178
142,2.8816609382629395,2.348109245300293
143,2.708789348602295,2.226234197616577
144,2.7235984802246094,2.229682683944702
145,2.758349895477295,2.2532148361206055
146,2.7309601306915283,2.2489001750946045
147,2.765651226043701,2.2345311641693115
148,2.753467082977295,2.3364641666412354
149,2.8178977966308594,2.349850654602051
150,2.7607789039611816,2.3140974044799805
151,2.738776922225952,2.2395055294036865
152,2.7402515411376953,2.2152905464172363
153,2.6555747985839844,2.1750452518463135
154,2.7220630645751953,2.165092706680298
155,2.690134048461914,2.183457851409912
156,2.6573846340179443,2.2258872985839844
157,2.6683695316314697,2.2375292778015137
158,2.728745937347412,2.189816951751709
159,2.605180025100708,2.1764378547668457
160,2.7758593559265137,2.250396966934204
161,2.625542640686035,2.168262004852295
162,2.65869402885437,2.134044647216797
163,2.6900010108947754,2.157289505004883
164,2.6104509830474854,2.104233741760254
165,2.6029372215270996,2.1367294788360596
166,2.591698408126831,2.084038496017456
167,2.6266708374023438,2.188734769821167
168,2.687431573867798,2.2281394004821777
169,2.641155242919922,2.1281864643096924
170,2.588331460952759,2.1474897861480713
171,2.558220863342285,2.0620672702789307
172,2.5717551708221436,2.145195722579956
173,2.643455743789673,2.165862798690796
174,2.5532548427581787,2.112973690032959
175,2.517505407333374,2.0235846042633057
176,2.630155563354492,2.106633186340332
177,2.60526180267334,2.110464572906494
178,2.5644783973693848,2.160459518432617
179,2.548184871673584,2.140333890914917
180,2.5412683486938477,2.110966205596924
181,2.5925049781799316,2.1611340045928955
182,2.4948489665985107,2.0519516468048096
183,2.4213130474090576,1.9962108135223389
184,2.572604179382324,2.0570592880249023
185,2.4464330673217773,2.054464101791382
186,2.513051986694336,2.0834922790527344
187,2.652761697769165,2.144747734069824
188,2.6891298294067383,2.084693193435669
189,2.5255849361419678,1.9960277080535889
190,2.6420302391052246,2.135089635848999
191,2.6400954723358154,2.054513931274414
192,2.638659954071045,2.1043803691864014
193,2.6665592193603516,2.060730218887329
194,2.570996046066284,2.079005241394043
195,2.7625536918640137,2.0764646530151367
196,2.7084274291992188,2.083082437515259
197,2.7265706062316895,2.0730433464050293
198,2.6823015213012695,2.016908645629883
199,2.7608580589294434,2.1433053016662598
200,2.6236443519592285,2.076507568359375
201,2.860255241394043,2.101034164428711
202,2.6488888263702393,1.9940050840377808
203,2.712265968322754,2.076988935470581
204,2.7152962684631348,2.1124439239501953
205,2.769552707672119,2.001187324523926
206,2.7825703620910645,2.1393795013427734
207,2.850253105163574,2.0885562896728516
208,2.814593553543091,2.1147186756134033
209,2.799330234527588,2.1610634326934814
210,2.809298515319824,2.0727126598358154
211,2.7868056297302246,2.079136610031128
212,2.973390579223633,2.224529504776001
213,3.0235371589660645,2.181035041809082
214,2.873875141143799,2.243744373321533
215,2.9395077228546143,2.14717173576355
216,2.9227638244628906,2.2313179969787598
217,2.9602670669555664,2.187201976776123
218,2.950610876083374,2.2669081687927246
219,2.892484664916992,2.2553904056549072
220,2.8379404544830322,2.1572506427764893
221,2.8855018615722656,2.1905932426452637
222,2.976837158203125,2.268742561340332
223,2.8873417377471924,2.2493410110473633
224,2.8815040588378906,2.258176565170288
225,2.8618664741516113,2.2485029697418213
226,2.854720115661621,2.32016921043396
227,2.898022174835205,2.282829999923706
228,2.864130735397339,2.262519359588623
229,2.840488910675049,2.261687994003296
230,2.8656580448150635,2.2004847526550293
231,2.9480772018432617,2.254809617996216
232,2.8823041915893555,2.367924451828003
233,2.825024127960205,2.3483736515045166
234,2.9207053184509277,2.2554116249084473
235,2.8779568672180176,2.242030143737793
236,2.8347654342651367,2.2995362281799316
237,2.78987455368042,2.294147491455078
238,3.0117015838623047,2.4366872310638428
239,2.839221954345703,2.3388965129852295
240,2.9604978561401367,2.3679697513580322
241,2.7562143802642822,2.318942070007324
242,2.8153367042541504,2.3247313499450684
243,2.8370401859283447,2.3507003784179688
244,2.7283220291137695,2.269963026046753
245,2.7601051330566406,2.3657612800598145
246,2.8124256134033203,2.353248357772827
247,2.721940279006958,2.3152053356170654
248,2.7788445949554443,2.4186317920684814
249,2.665199041366577,2.2879698276519775
250,2.7113356590270996,2.3485517501831055
251,2.624851703643799,2.3616647720336914
252,2.7233662605285645,2.2812142372131348
253,2.6734817028045654,2.3117029666900635
254,2.6711864471435547,2.3136603832244873
255,2.676774263381958,2.320753574371338
256,2.672767162322998,2.3194446563720703
257,2.6906633377075195,2.3220713138580322
258,2.7441587448120117,2.3131184577941895
259,2.7553353309631348,2.405017375946045
260,2.829846143722534,2.315084218978882
261,2.726585865020752,2.393324613571167
262,2.796782970428467,2.2810652256011963
263,2.730325937271118,2.334163188934326
264,2.692859411239624,2.238485336303711
265,2.82765793800354,2.320157051086426
266,2.79597544670105,2.332858085632324
267,2.854255199432373,2.4313149452209473
268,2.812227249145508,2.320505142211914
269,2.700247049331665,2.341888189315796
270,2.815551996231079,2.331714153289795
271,2.870521068572998,2.3145837783813477
272,2.7638299465179443,2.329141855239868
273,2.719243288040161,2.2516353130340576
274,2.708240509033203,2.2826826572418213
275,2.876591205596924,2.3044981956481934
276,2.8544206619262695,2.305447816848755
277,2.7426648139953613,2.2097256183624268
278,2.768643379211426,2.337068796157837
279,2.7551822662353516,2.272416830062866
280,2.8799281120300293,2.326483726501465
281,2.802685260772705,2.345547914505005
282,2.9668407440185547,2.300584554672241
283,2.839066982269287,2.2783095836639404
284,2.82745361328125,2.2615966796875
285,2.8750338554382324,2.4033586978912354
286,2.7553651332855225,2.339890718460083
287,2.793410539627075,2.25152587890625
288,2.7140414714813232,2.2022898197174072
289,2.874404191970825,2.2825241088867188
290,2.75709867477417,2.2615602016448975
291,2.741211414337158,2.169097423553467
292,2.663145065307617,2.209484577178955
293,2.7074878215789795,2.211768627166748
294,2.753368854522705,2.271495819091797
295,2.812947988510132,2.2024648189544678
296,2.8335673809051514,2.3205718994140625
297,2.75650691986084,2.2575953006744385
298,2.7581517696380615,2.2305030822753906
299,2.77445387840271,2.297893524169922
300,2.8590874671936035,2.317884922027588
301,2.8208508491516113,2.190445899963379
302,2.7569046020507812,2.2879669666290283
303,2.6963109970092773,2.137314558029175
304,2.7658276557922363,2.2688651084899902
305,2.738649606704712,2.184586763381958
306,2.7855465412139893,2.1676156520843506
307,2.7519726753234863,2.1949291229248047
308,2.735717296600342,2.294074535369873
309,2.6587698459625244,2.1222589015960693
310,2.8023557662963867,2.2279398441314697
311,2.7926645278930664,2.2665212154388428
312,2.723656177520752,2.1909267902374268
313,2.685716152191162,2.2052884101867676
314,2.662341833114624,2.2492356300354004
315,2.724778652191162,2.2249083518981934
316,2.79504656791687,2.259185552597046
317,2.696323871612549,2.241929769515991
318,2.7649223804473877,2.1505141258239746
319,2.7767138481140137,2.248425006866455
320,2.815855026245117,2.3012046813964844
321,2.682007312774658,2.2044997215270996
322,2.7136130332946777,2.24721360206604
323,2.6245975494384766,2.114870071411133
324,2.869990587234497,2.2924084663391113
325,2.633007287979126,2.1396756172180176
326,2.6810030937194824,2.0539166927337646
327,2.754683017730713,2.243579149246216
328,2.727492332458496,2.163588047027588
329,2.7319538593292236,2.134376287460327
330,2.679246425628662,2.1355111598968506
331,2.799805164337158,2.171247720718384
332,2.8019521236419678,2.200652599334717
333,2.8432326316833496,2.2678868770599365
334,2.8340182304382324,2.2442328929901123
335,2.717287063598633,2.197160482406616
336,2.760951280593872,2.169760227203369
337,2.7200605869293213,2.2290053367614746
338,2.7616734504699707,2.2177038192749023
339,2.8355813026428223,2.2018911838531494
340,2.7191340923309326,2.164217710494995
341,2.9335570335388184,2.2544002532958984
342,2.882380247116089,2.158748149871826
343,2.8684914112091064,2.198225259780884
344,2.815890312194824,2.0820369720458984
345,2.845104932785034,2.2038326263427734
346,2.9065024852752686,2.1741883754730225
347,2.8698105812072754,2.1973960399627686
348,2.9251880645751953,2.186110496520996
349,2.863358974456787,2.139944314956665
350,2.693507194519043,2.0668022632598877
351,2.8270859718322754,2.116135597229004
352,2.864630699157715,2.137579917907715
353,2.889725923538208,2.1819820404052734
354,2.9078564643859863,2.183642625808716
355,2.8048853874206543,2.1167545318603516
356,2.781965732574463,2.1128149032592773
357,2.8458378314971924,2.225429058074951
358,2.9864914417266846,2.249978542327881
359,2.7184832096099854,2.1028213500976562
360,2.8585758209228516,2.14921236038208
361,2.8069639205932617,2.1456563472747803
362,2.8274552822113037,2.189382553100586
363,2.755048990249634,2.143218517303467
364,2.85559344291687,2.1906213760375977
365,2.8802623748779297,2.158967971801758
366,2.8309166431427,2.1787540912628174
367,2.8325655460357666,2.207550525665283
368,2.767345666885376,2.175196886062622
369,2.8541581630706787,2.191922187805176
370,2.884051561355591,2.2715203762054443
371,2.8812901973724365,2.2140820026397705
372,2.8735480308532715,2.2050256729125977
373,2.885115146636963,2.250988245010376
374,2.777517795562744,2.19811749458313
375,2.707839012145996,2.0763041973114014
376,2.748857021331787,2.053532838821411
377,2.770911455154419,2.1584815979003906
378,2.7475814819335938,2.1073803901672363
379,2.6337594985961914,2.0680179595947266
380,2.7665371894836426,2.1781864166259766
381,2.6750152111053467,2.094484567642212
382,2.7084591388702393,2.154217004776001
383,2.7469913959503174,2.1452414989471436
384,2.730545997619629,2.1226470470428467
385,2.7582807540893555,2.188652753829956
386,2.789263963699341,2.2102129459381104
387,2.7285690307617188,2.1175994873046875
388,2.7264199256896973,2.186295509338379
389,2.74824857711792,2.101921319961548
390,2.6930129528045654,2.1764721870422363
391,2.7513999938964844,2.1770920753479004
392,2.7036914825439453,2.1495673656463623
393,2.773730754852295,2.2083160877227783
394,2.761152744293213,2.2097227573394775
395,2.7112903594970703,2.2147138118743896
396,2.6795036792755127,2.167071580886841
397,2.6164767742156982,2.1741647720336914
398,2.6941752433776855,2.1490135192871094
399,2.5953452587127686,2.17922306060791
400,2.6874003410339355,2.2016561031341553
401,2.820178508758545,2.23297119140625
402,2.681389808654785,2.1795129776000977
403,2.6966748237609863,2.1923410892486572
404,2.775239944458008,2.2387263774871826
405,2.774479627609253,2.1183412075042725
406,2.977809429168701,2.2857611179351807
407,2.85831356048584,2.287734270095825
408,2.8712010383605957,2.1972227096557617
409,2.741170883178711,2.2176032066345215
410,2.825679302215576,2.2638330459594727
411,2.773200511932373,2.1874313354492188
412,2.828896999359131,2.212224245071411
413,2.770015239715576,2.205608606338501
414,2.755704641342163,2.134639263153076
415,2.8046841621398926,2.219939708709717
416,2.7665607929229736,2.202324628829956
417,2.646214246749878,2.15350341796875
418,2.826874017715454,2.251324415206909
419,2.8974316120147705,2.240091323852539
420,2.9113917350769043,2.30013370513916
421,2.8880672454833984,2.3390722274780273
422,2.940265655517578,2.2603139877319336
423,2.8206422328948975,2.238863706588745
424,2.8765416145324707,2.3562722206115723
425,2.7981367111206055,2.3071134090423584
426,2.901115894317627,2.295835256576538
427,2.8308441638946533,2.32839035987854
428,2.842344045639038,2.307896852493286
429,2.8498690128326416,2.2262938022613525
430,2.8768787384033203,2.3431339263916016
431,2.850881576538086,2.28708553314209
432,2.9106292724609375,2.2742292881011963
433,2.786343574523926,2.2832467555999756
434,2.8229446411132812,2.308577299118042
435,2.8780746459960938,2.389556407928467
436,2.832928419113159,2.2712457180023193
437,2.7080438137054443,2.2384181022644043
438,2.910609722137451,2.3738036155700684
439,2.839374542236328,2.370543956756592
440,2.8608689308166504,2.364609479904175
441,2.7524633407592773,2.3244481086730957
442,2.7395710945129395,2.303037643432617
443,2.886378765106201,2.2780985832214355
444,2.8693807125091553,2.3440256118774414
445,2.7521183490753174,2.38497257232666
446,2.863842010498047,2.4054720401763916
447,2.8238344192504883,2.352038860321045
448,2.8016037940979004,2.3544180393218994
449,2.8521947860717773,2.360156536102295
450,2.7707178592681885,2.2756235599517822
451,2.8738791942596436,2.382291078567505
452,2.8490357398986816,2.3558754920959473
453,2.737415075302124,2.274491310119629
454,2.9497227668762207,2.4128010272979736
455,2.9229726791381836,2.390617847442627
456,2.811281681060791,2.3193957805633545
457,2.795391321182251,2.3113420009613037
458,2.9377522468566895,2.40849232673645
459,2.9076826572418213,2.3845462799072266
460,2.898010015487671,2.345168352127075
461,2.874962568283081,2.3305249214172363
462,2.7990009784698486,2.3106861114501953
463,2.8891208171844482,2.357698440551758
464,2.895979404449463,2.3326220512390137
465,2.8859047889709473,2.3035905361175537
466,2.7461965084075928,2.323448657989502
467,2.747981071472168,2.259474754333496
468,2.7916181087493896,2.28310489654541
469,2.779261350631714,2.305331230163574
470,2.857661724090576,2.3360097408294678
471,2.901768445968628,2.3163881301879883
472,2.675455093383789,2.2749435901641846
473,2.7607531547546387,2.242263078689575
474,2.824922800064087,2.2378456592559814
475,2.8356399536132812,2.2219045162200928
476,2.9406778812408447,2.3168704509735107
477,2.879613161087036,2.29117751121521
478,2.739506959915161,2.219017267227173
479,2.9189281463623047,2.2855136394500732
480,3.0164713859558105,2.3153457641601562
481,2.9637765884399414,2.2677669525146484
482,2.844728469848633,2.2043871879577637
483,2.9167299270629883,2.271766424179077
484,2.9156508445739746,2.275465488433838
485,2.7746739387512207,2.2041831016540527
486,2.8361353874206543,2.2582616806030273
487,2.9414567947387695,2.2937424182891846
488,2.8653812408447266,2.1926136016845703
489,2.8188822269439697,2.173814535140991
490,2.8672280311584473,2.199249267578125
491,2.840737819671631,2.1974334716796875
492,2.8286828994750977,2.243912696838379
493,2.8737311363220215,2.236182928085327
494,2.7808594703674316,2.190885543823242
495,2.7711329460144043,2.248318910598755
496,2.7513198852539062,2.19338059425354
497,2.7908496856689453,2.170940399169922
498,2.6693472862243652,2.1735730171203613
499,2.7515246868133545,2.2734456062316895
500,2.8056235313415527,2.227635383605957
501,2.761702537536621,2.1321380138397217
502,2.75228214263916,2.1752243041992188
503,2.797334671020508,2.2496981620788574
504,2.7442569732666016,2.2869346141815186
505,2.677004098892212,2.1745259761810303
506,2.768899917602539,2.150641441345215
507,2.6497371196746826,2.214107036590576
508,2.7483837604522705,2.2364659309387207
509,2.690476417541504,2.2448959350585938
510,2.733309030532837,2.2031078338623047
511,2.7338972091674805,2.1969351768493652
512,2.592421531677246,2.196572780609131
513,2.817704200744629,2.26244854927063
514,2.7963531017303467,2.2628443241119385
515,2.700766086578369,2.2587363719940186
516,2.7556822299957275,2.271103858947754
517,2.7141916751861572,2.2514445781707764
518,2.7478106021881104,2.3037006855010986
519,2.5908050537109375,2.1679773330688477
520,2.688523769378662,2.164719343185425
521,2.6342029571533203,2.2400829792022705
522,2.6809234619140625,2.2281672954559326
523,2.629300594329834,2.1693367958068848
524,2.6793816089630127,2.286015748977661
525,2.7337474822998047,2.243708848953247
526,2.753324508666992,2.190866708755493
527,2.6431713104248047,2.1778488159179688
528,2.7613942623138428,2.191392183303833
529,2.728970527648926,2.1858456134796143
530,2.7917633056640625,2.2990307807922363
531,2.8421742916107178,2.238309860229492
532,2.8385963439941406,2.281964063644409
533,2.6755411624908447,2.2350544929504395
534,2.8341939449310303,2.165316581726074
535,2.8360395431518555,2.2584877014160156
536,2.7400312423706055,2.2485101222991943
537,2.7024219036102295,2.122683525085449
538,2.7112364768981934,2.233623743057251
539,2.800384044647217,2.2053797245025635
540,2.7945847511291504,2.221309185028076
541,2.8671300411224365,2.3399109840393066
542,2.719200372695923,2.2380261421203613
543,2.832364797592163,2.242870569229126
544,2.6837663650512695,2.26297664642334
545,2.739572763442993,2.2630624771118164
546,2.801222324371338,2.1981325149536133
547,2.725508213043213,2.2281739711761475
548,2.7875685691833496,2.2604730129241943
549,2.718458414077759,2.2245805263519287
550,2.7452569007873535,2.1958608627319336
551,2.7342655658721924,2.196962833404541
552,2.779972553253174,2.1731414794921875
553,2.8421897888183594,2.188135862350464
554,2.8346786499023438,2.2056219577789307
555,2.7345364093780518,2.1070942878723145
556,2.8174803256988525,2.153374433517456
557,2.7735891342163086,2.1510372161865234
558,2.896559715270996,2.222123384475708
559,2.847243070602417,2.2228620052337646
560,2.899956703186035,2.236229419708252
561,2.9250917434692383,2.2731423377990723
562,3.079559564590454,2.2671568393707275
563,2.859184741973877,2.1277546882629395
564,2.8940670490264893,2.2522013187408447
565,2.8270387649536133,2.2178633213043213
566,3.0586533546447754,2.239550828933716
567,2.942582130432129,2.1939713954925537
568,2.842275857925415,2.247987985610962
569,2.9706788063049316,2.266672372817993
570,2.8064160346984863,2.325051784515381
571,2.9521355628967285,2.2581722736358643
572,2.9042205810546875,2.2593724727630615
573,2.9046807289123535,2.3089816570281982
574,3.028172016143799,2.296635150909424
575,2.925126552581787,2.2207627296447754
576,2.99641752243042,2.2912437915802
577,2.89029598236084,2.243544101715088
578,3.033846616744995,2.277472972869873
579,2.921569347381592,2.3110013008117676
580,2.884268045425415,2.2825496196746826
581,2.911020278930664,2.2768971920013428
582,2.9553141593933105,2.3171191215515137
583,2.8511860370635986,2.2578556537628174
584,2.8356118202209473,2.211254358291626
585,2.990338087081909,2.3583922386169434
586,2.971405506134033,2.2736287117004395
587,2.90083646774292,2.288188934326172
588,3.0301320552825928,2.382744550704956
589,2.8701841831207275,2.2442431449890137
590,2.9155664443969727,2.301914930343628
591,3.1110129356384277,2.3265275955200195
592,2.9891750812530518,2.292764902114868
593,3.0139503479003906,2.392754554748535
594,3.0330748558044434,2.290754795074463
595,2.9753637313842773,2.397451162338257
596,2.943946361541748,2.3246376514434814
597,2.9408938884735107,2.365177869796753
598,2.938847064971924,2.3492608070373535
599,2.956336259841919,2.3012380599975586
600,2.9308533668518066,2.402312755584717
601,2.8897206783294678,2.315343141555786
602,2.9426097869873047,2.279890537261963
603,2.9377222061157227,2.3261098861694336
604,2.9106431007385254,2.2628531455993652
605,2.931288003921509,2.368201732635498
606,2.944026470184326,2.3250627517700195
607,2.8597841262817383,2.3461129665374756
608,2.9171454906463623,2.338240146636963
609,2.937581777572632,2.3182997703552246
610,2.8811686038970947,2.276398181915283
611,2.871253490447998,2.2781896591186523
612,2.991344928741455,2.2889630794525146
613,2.891075611114502,2.301464796066284
614,2.8545265197753906,2.2510600090026855
615,2.948808193206787,2.3195574283599854
616,2.892686128616333,2.310346841812134
617,2.961286783218384,2.3762025833129883
618,2.973958969116211,2.338805913925171
619,2.937659978866577,2.370806932449341
620,2.948742389678955,2.361323356628418
621,2.9312357902526855,2.353656053543091
622,2.8975882530212402,2.350642204284668
623,2.9562602043151855,2.342440366744995
624,3.002969264984131,2.3624536991119385
625,2.8784539699554443,2.347059965133667
626,2.9115335941314697,2.321024179458618
627,2.9035403728485107,2.3753583431243896
628,3.002865791320801,2.4123101234436035
629,3.05387020111084,2.331817150115967
630,2.96142578125,2.2985618114471436
631,2.9499285221099854,2.332315683364868
632,2.9577693939208984,2.328425168991089
633,2.9039077758789062,2.3273088932037354
634,2.9212536811828613,2.3860232830047607
635,2.936129331588745,2.3599348068237305
636,2.9484667778015137,2.326127767562866
637,2.8927628993988037,2.299565553665161
638,2.8897624015808105,2.3483493328094482
639,2.8670198917388916,2.2319092750549316
640,2.938344955444336,2.335963010787964
641,2.7498161792755127,2.220184087753296
642,2.89785099029541,2.272250175476074
643,2.8633267879486084,2.3171069622039795
644,2.732576370239258,2.2392995357513428
645,2.778076648712158,2.222870111465454
646,2.7062768936157227,2.1887454986572266
647,2.7867119312286377,2.3040597438812256
648,2.899759531021118,2.2905051708221436
649,2.7681283950805664,2.1995444297790527
650,2.756894826889038,2.197653293609619
651,2.7224762439727783,2.224149703979492
652,2.7240638732910156,2.198106527328491
653,2.7225325107574463,2.244934320449829
654,2.6431221961975098,2.235529899597168
655,2.770887613296509,2.255201816558838
656,2.6848132610321045,2.1611030101776123
657,2.6356711387634277,2.196953773498535
658,2.7370476722717285,2.2169175148010254
659,2.564568281173706,2.0981340408325195
660,2.6436147689819336,2.1381688117980957
661,2.603818893432617,2.1495132446289062
662,2.5585551261901855,2.061657190322876
663,2.6642138957977295,2.1804261207580566
664,2.5835776329040527,2.1620707511901855
665,2.7010960578918457,2.1848835945129395
666,2.72183895111084,2.189774990081787
667,2.5861527919769287,2.1755053997039795
668,2.7917795181274414,2.173213481903076
669,2.693366527557373,2.162585973739624
670,2.4984443187713623,2.0814507007598877
671,2.6741600036621094,2.1140170097351074
672,2.595661163330078,2.125405788421631
673,2.5441782474517822,2.05448842048645
674,2.5647857189178467,2.1068108081817627
675,2.6115033626556396,2.1196019649505615
676,2.5174560546875,2.1239805221557617
677,2.567268133163452,2.1481359004974365
678,2.48494815826416,2.0908873081207275
679,2.461812973022461,2.1316332817077637
680,2.4543700218200684,2.0754733085632324
681,2.56829571723938,2.007533550262451
682,2.4690604209899902,2.0015010833740234
683,2.471519947052002,2.0279977321624756
684,2.5628817081451416,2.1497395038604736
685,2.4298057556152344,2.033107042312622
686,2.469799518585205,2.0726125240325928
687,2.531859874725342,2.09828519821167
688,2.589869737625122,2.089186668395996
689,2.500809907913208,2.169076442718506
690,2.51513934135437,2.2233917713165283
691,2.455482006072998,2.1071560382843018
692,2.4969711303710938,2.0876100063323975
693,2.5933284759521484,2.18766713142395
694,2.66874623298645,2.1335813999176025
695,2.6510190963745117,2.189767837524414
696,2.600811243057251,2.179353952407837
697,2.599684238433838,2.1694090366363525
698,2.705460548400879,2.2910315990448
699,2.677095413208008,2.2009048461914062
700,2.6460680961608887,2.275582790374756
701,2.6702985763549805,2.2839317321777344
702,2.6659586429595947,2.253542423248291
703,2.629744052886963,2.25038743019104
704,2.628941059112549,2.2027151584625244
705,2.610929489135742,2.2350974082946777
706,2.608774423599243,2.2053637504577637
707,2.6152162551879883,2.233222484588623
708,2.7388594150543213,2.2992327213287354
709,2.556030511856079,2.2170608043670654
710,2.543135643005371,2.220280885696411
711,2.6516034603118896,2.185396432876587
712,2.654353618621826,2.2279911041259766
713,2.5279135704040527,2.1603848934173584
714,2.601144313812256,2.1673784255981445
715,2.6183323860168457,2.2350876331329346
716,2.6774635314941406,2.21492075920105
717,2.5470266342163086,2.139901638031006
718,2.5285558700561523,2.1778993606567383
719,2.541538715362549,2.1282095909118652
720,2.536114454269409,2.178800106048584
721,2.611142635345459,2.2104086875915527
722,2.5679805278778076,2.205672025680542
723,2.5927507877349854,2.1461949348449707
724,2.5432465076446533,2.091142416000366
725,2.672787666320801,2.221139430999756
726,2.533367395401001,2.1438918113708496
727,2.5562145709991455,2.194859266281128
728,2.4980850219726562,2.158757448196411
729,2.5714235305786133,2.175943613052368
730,2.58398175239563,2.139948844909668
731,2.5266427993774414,2.1366138458251953
732,2.6395177841186523,2.190253257751465
733,2.586740255355835,2.1587131023406982
734,2.515697717666626,2.1335208415985107
735,2.4763965606689453,2.086472511291504
736,2.523974895477295,2.061540365219116
737,2.548784017562866,2.1240768432617188
738,2.657884359359741,2.0963242053985596
739,2.6387197971343994,2.12446928024292
740,2.6028380393981934,2.2119925022125244
741,2.6404809951782227,2.2090954780578613
742,2.5902810096740723,2.160407543182373
743,2.6232454776763916,2.147395610809326
744,2.679842948913574,2.141251564025879
745,2.6315879821777344,2.128131151199341
746,2.5583815574645996,2.12365460395813
747,2.595273733139038,2.111654281616211
748,2.4828577041625977,1.9855059385299683
749,2.51809024810791,2.0714361667633057
750,2.5108277797698975,1.9961267709732056
751,2.551628828048706,2.0798537731170654
752,2.5280117988586426,2.104663848876953
753,2.5550055503845215,1.999497413635254
754,2.5414061546325684,1.9953044652938843
755,2.652988910675049,1.9965324401855469
756,2.5585134029388428,1.9604421854019165
757,2.522615432739258,1.9861570596694946
758,2.583249568939209,2.060716152191162
759,2.436328649520874,1.9142142534255981
760,2.6095571517944336,1.9919353723526
761,2.483539342880249,1.9825420379638672
762,2.5260066986083984,2.023257255554199
763,2.5444161891937256,1.937754511833191
764,2.5229861736297607,1.9712649583816528
765,2.4817380905151367,1.9344104528427124
766,2.5262184143066406,1.9157291650772095
767,2.6447854042053223,2.0256729125976562
768,2.493025302886963,1.8967405557632446
769,2.461505651473999,1.9131563901901245
770,2.5335636138916016,1.9910215139389038
771,2.6040689945220947,2.0107710361480713
772,2.665987968444824,2.0473403930664062
773,2.684025764465332,1.9926210641860962
774,2.66806960105896,2.0026140213012695
775,2.640012264251709,1.9921658039093018
776,2.6218199729919434,1.9091287851333618
777,2.709627628326416,2.0526204109191895
778,2.615939140319824,2.022975444793701
779,2.509509801864624,1.9612081050872803
780,2.7369837760925293,1.9979737997055054
781,2.5335135459899902,1.9845260381698608
782,2.5538368225097656,1.968392014503479
783,2.549710750579834,1.9775807857513428
784,2.495345115661621,1.8973076343536377
785,2.63014554977417,1.913014531135559
786,2.506368637084961,1.9350180625915527
787,2.536501884460449,1.9227489233016968
788,2.472719192504883,1.867824673652649
789,2.4715323448181152,1.8940842151641846
790,2.472536563873291,1.897922158241272
791,2.5640411376953125,1.874772310256958
792,2.526820421218872,1.9156829118728638
793,2.5351195335388184,1.9851051568984985
794,2.5383923053741455,1.8964152336120605
795,2.592395305633545,1.9428236484527588
796,2.5096795558929443,1.905112862586975
797,2.5276272296905518,1.92210054397583
798,2.552220106124878,1.9531407356262207
799,2.517592430114746,1.8617414236068726
800,2.5504302978515625,1.8907783031463623
801,2.5716936588287354,1.8792535066604614
802,2.6497020721435547,1.9677883386611938
803,2.5976779460906982,1.8897085189819336
804,2.6032114028930664,1.9283766746520996
805,2.59645414352417,1.926763653755188
806,2.4930520057678223,1.9225822687149048
807,2.6163759231567383,1.8826406002044678
808,2.5682709217071533,1.875495433807373
809,2.6226696968078613,1.8560764789581299
810,2.6179447174072266,1.9151469469070435
811,2.620525598526001,1.9591912031173706
812,2.496779680252075,1.9439481496810913
813,2.4977591037750244,1.9007011651992798
814,2.5359463691711426,1.8885712623596191
815,2.4958531856536865,1.8888521194458008
816,2.546236515045166,1.9437315464019775
817,2.524702548980713,1.9615083932876587
818,2.4641828536987305,1.8941476345062256
819,2.392326593399048,1.8540574312210083
820,2.5180246829986572,1.923195242881775
821,2.479044198989868,1.9002021551132202
822,2.4877994060516357,1.9351874589920044
823,2.314826488494873,1.8651607036590576
824,2.454374313354492,1.8723653554916382
825,2.4616174697875977,1.8467391729354858
826,2.487191677093506,1.9483658075332642
827,2.4544060230255127,1.931949257850647
828,2.4327497482299805,1.9416353702545166
829,2.511915683746338,1.9592745304107666
830,2.418210029602051,1.9318379163742065
831,2.539419174194336,1.9888111352920532
832,2.473320960998535,1.96174156665802
833,2.4658286571502686,1.8900995254516602
834,2.4217774868011475,1.9533799886703491
835,2.4161159992218018,1.910737156867981
836,2.358849287033081,1.9559566974639893
837,2.410177230834961,1.8775914907455444
838,2.45539927482605,1.8973264694213867
839,2.503756523132324,1.9999741315841675
840,2.409600257873535,2.033573865890503
841,2.368678331375122,1.9527524709701538
842,2.4392220973968506,1.9314497709274292
843,2.3580734729766846,1.8700634241104126
844,2.4672412872314453,1.987364411354065
845,2.385617256164551,1.929381012916565
846,2.4079980850219727,1.9746336936950684
847,2.4566502571105957,1.985842227935791
848,2.38822078704834,1.9290413856506348
849,2.3434154987335205,1.936556339263916
850,2.439648151397705,1.9993900060653687
851,2.4417014122009277,1.967375636100769
852,2.407597064971924,1.9783512353897095
853,2.4766173362731934,2.0069901943206787
854,2.4070818424224854,1.9173892736434937
855,2.5114219188690186,1.9857763051986694
856,2.5039784908294678,2.0338194370269775
857,2.429396152496338,1.8923122882843018
858,2.5008723735809326,1.9523437023162842
859,2.482816457748413,1.9543602466583252
860,2.5026493072509766,1.9877538681030273
861,2.468980312347412,2.0277931690216064
862,2.5275135040283203,1.9673795700073242
863,2.3912155628204346,2.0413620471954346
864,2.4415526390075684,2.0163614749908447
865,2.6542439460754395,1.957262635231018
866,2.5189337730407715,1.9615404605865479
867,2.6050686836242676,1.9785734415054321
868,2.5459251403808594,1.9727283716201782
869,2.5891013145446777,1.9825446605682373
870,2.5804460048675537,2.020906448364258
871,2.554650068283081,2.0116817951202393
872,2.552631139755249,1.8914226293563843
873,2.5364527702331543,1.9802706241607666
874,2.5280511379241943,1.975087285041809
875,2.516923427581787,2.050706148147583
876,2.636366844177246,2.0337958335876465
877,2.5754544734954834,2.0808818340301514
878,2.5770981311798096,1.963663935661316
879,2.6490049362182617,2.0512025356292725
880,2.630871295928955,2.046257495880127
881,2.523996353149414,1.9567205905914307
882,2.5994653701782227,2.1209518909454346
883,2.5672049522399902,1.9812122583389282
884,2.6205220222473145,2.0671613216400146
885,2.5324292182922363,2.0526890754699707
886,2.6169040203094482,1.9606856107711792
887,2.5953736305236816,2.069225311279297
888,2.597498655319214,2.0067150592803955
889,2.528721809387207,2.0251684188842773
890,2.5410032272338867,2.00797438621521
891,2.560300350189209,2.072266101837158
892,2.605313777923584,2.0307674407958984
893,2.5373926162719727,2.0184171199798584
894,2.544027805328369,2.0432748794555664
895,2.52846097946167,1.9587323665618896
896,2.555032253265381,2.035179615020752
897,2.4511640071868896,1.940476417541504
898,2.5335628986358643,2.064300298690796
899,2.5435569286346436,2.037508964538574
900,2.5569260120391846,2.0106513500213623
901,2.607710123062134,1.9562515020370483
902,2.650099515914917,2.0786468982696533
903,2.7159852981567383,2.0252625942230225
904,2.648879051208496,1.9676017761230469
905,2.6423513889312744,2.007932186126709
906,2.7779746055603027,2.028562068939209
907,2.6832213401794434,2.0446581840515137
908,2.6345200538635254,2.083371877670288
909,2.6671855449676514,1.9756182432174683
910,2.7062768936157227,2.0399792194366455
911,2.6771774291992188,2.006230115890503
912,2.6835999488830566,2.0644326210021973
913,2.624398708343506,2.0359537601470947
914,2.6710047721862793,2.0797231197357178
915,2.693434715270996,2.1398115158081055
916,2.69067645072937,2.0243701934814453
917,2.6318843364715576,2.134896993637085
918,2.537196159362793,1.9943618774414062
919,2.5770723819732666,1.9834399223327637
920,2.6630027294158936,2.024048328399658
921,2.621368169784546,2.0299830436706543
922,2.758528709411621,2.102504253387451
923,2.5720014572143555,2.019562244415283
924,2.5712547302246094,2.002230167388916
925,2.579127550125122,1.9825434684753418
926,2.5964560508728027,2.04868221282959
927,2.7183279991149902,2.0543501377105713
928,2.5374202728271484,2.0119314193725586
929,2.6577088832855225,2.068594217300415
930,2.7192296981811523,2.03836989402771
931,2.7782998085021973,2.088207483291626
932,2.7268199920654297,2.117187261581421
933,2.685532808303833,2.035957098007202
934,2.6214022636413574,2.014033317565918
935,2.519094944000244,1.9940787553787231
936,2.6919922828674316,2.067673683166504
937,2.598447561264038,2.0455217361450195
938,2.6313672065734863,2.0800082683563232
939,2.549206495285034,2.0161051750183105
940,2.5663580894470215,2.0286407470703125
941,2.652228832244873,2.098679304122925
942,2.5504047870635986,1.9734292030334473
943,2.604252576828003,2.0810537338256836
944,2.677189826965332,2.012711524963379
945,2.6527981758117676,2.0398387908935547
946,2.5676844120025635,2.0577173233032227
947,2.720813512802124,2.052048444747925
948,2.580348491668701,2.0556859970092773
949,2.679574489593506,2.0481393337249756
950,2.6192336082458496,2.030428171157837
951,2.7264773845672607,2.0450968742370605
952,2.6502726078033447,1.997375249862671
953,2.723357677459717,2.047563076019287
954,2.7515718936920166,1.9880205392837524
955,2.818716287612915,2.0616295337677
956,2.710953712463379,2.006190061569214
957,2.814087390899658,2.104111909866333
958,2.5375993251800537,1.9922327995300293
959,2.7416956424713135,2.0784904956817627
960,2.8087754249572754,2.054860830307007
961,2.7406795024871826,2.102569580078125
962,2.7692439556121826,2.1446216106414795
963,2.6506905555725098,2.0515403747558594
964,2.7748122215270996,2.1309518814086914
965,2.5919880867004395,2.063026189804077
966,2.6483588218688965,2.041377544403076
967,2.6565473079681396,2.0822622776031494
968,2.6782374382019043,2.073272228240967
969,2.6859700679779053,2.113036632537842
970,2.588912010192871,2.045442819595337
971,2.602200746536255,2.0793612003326416
972,2.6588425636291504,2.0403592586517334
973,2.6360793113708496,2.0233893394470215
974,2.653869390487671,2.1291730403900146
975,2.6211888790130615,2.0781240463256836
976,2.670316219329834,2.044823169708252
977,2.664224624633789,2.0949864387512207
978,2.542903184890747,1.9812997579574585
979,2.6646554470062256,2.0604794025421143
980,2.744408130645752,2.0896124839782715
981,2.508665084838867,2.0505316257476807
982,2.589185953140259,2.0580947399139404
983,2.5711135864257812,2.0231447219848633
984,2.6593093872070312,2.050055742263794
985,2.5375380516052246,2.0624496936798096
986,2.6804685592651367,2.082841157913208
987,2.7402374744415283,2.1061995029449463
988,2.592804431915283,2.126307725906372
989,2.644378185272217,2.084003210067749
990,2.6617648601531982,2.074596881866455
991,2.5862507820129395,2.0669422149658203
992,2.5575788021087646,2.041752576828003
993,2.588733196258545,1.9983307123184204
994,2.563694715499878,2.0681872367858887
995,2.537764072418213,2.034008502960205
996,2.6023476123809814,2.111464738845825
997,2.5388004779815674,2.0679879188537598
998,2.620370864868164,2.102778673171997
999,2.5903079509735107,2.08440899848938
1000,2.5951011180877686,2.0452659130096436
1001,2.5442862510681152,2.050187826156616
1002,2.6647472381591797,2.1585888862609863
1003,2.5618984699249268,2.0897159576416016
1004,2.526700735092163,2.0274248123168945
1005,2.5577807426452637,2.096402645111084
1006,2.4340720176696777,1.9999415874481201
1007,2.5795204639434814,2.0963246822357178
1008,2.4304494857788086,2.044795036315918
1009,2.4914417266845703,2.01552677154541
1010,2.5095956325531006,2.096179962158203
1011,2.5165956020355225,2.046848773956299
1012,2.5251026153564453,2.059950590133667
1013,2.408257007598877,1.9823590517044067
1014,2.456847906112671,2.0235984325408936
1015,2.3951447010040283,2.03792405128479
1016,2.4687063694000244,2.005112648010254
1017,2.37608003616333,1.9966267347335815
1018,2.5001959800720215,2.017164945602417
1019,2.4078567028045654,2.032064199447632
1020,2.4451541900634766,2.013237237930298
1021,2.4316928386688232,2.012748956680298
1022,2.489168405532837,2.0396664142608643
1023,2.519340753555298,2.075913667678833
1024,2.4729886054992676,2.049771308898926
1025,2.470471143722534,2.01605224609375
1026,2.4913313388824463,2.054567337036133
1027,2.4603617191314697,2.068817377090454
1028,2.5019357204437256,2.0016684532165527
1029,2.535627841949463,2.002225399017334
1030,2.4110608100891113,2.028942346572876
1031,2.51442289352417,2.11232328414917
1032,2.4087612628936768,1.982277512550354
1033,2.5569021701812744,2.010603666305542
1034,2.4860880374908447,1.9706640243530273
1035,2.5112104415893555,2.0848681926727295
1036,2.57431697845459,2.1418914794921875
1037,2.4850683212280273,2.0727462768554688
1038,2.441337823867798,2.0130786895751953
1039,2.422415018081665,1.9512600898742676
1040,2.342548131942749,1.9067593812942505
1041,2.335484027862549,1.9180814027786255
1042,2.3850109577178955,1.9702274799346924
1043,2.4654321670532227,1.9522532224655151
1044,2.4696526527404785,2.038806200027466
1045,2.51004695892334,2.007053852081299
1046,2.4143333435058594,1.9155759811401367
1047,2.451995372772217,1.931793451309204
1048,2.4782330989837646,2.044914960861206
1049,2.470691442489624,1.9759939908981323
1050,2.5322813987731934,1.9994990825653076
1051,2.5130224227905273,2.030654191970825
1052,2.41616153717041,1.9908885955810547
1053,2.4698824882507324,1.9803906679153442
1054,2.489541530609131,2.0164597034454346
1055,2.5391340255737305,1.9693523645401
1056,2.5441813468933105,2.0307960510253906
1057,2.497520923614502,2.004441499710083
1058,2.4757351875305176,1.8882496356964111
1059,2.7138805389404297,2.1011481285095215
1060,2.5829615592956543,1.9621094465255737
1061,2.4929792881011963,1.9404890537261963
1062,2.5673069953918457,2.035280227661133
1063,2.584085702896118,1.9262213706970215
1064,2.50319766998291,1.986680507659912
1065,2.647421360015869,2.0023465156555176
1066,2.6452691555023193,1.9509847164154053
1067,2.573009490966797,1.9233944416046143
1068,2.5548362731933594,1.9565883874893188
1069,2.5777790546417236,2.042419910430908
1070,2.6752140522003174,2.001758098602295
1071,2.47910213470459,1.8943332433700562
1072,2.655261754989624,2.077397346496582
1073,2.675778865814209,2.0457165241241455
1074,2.68249249458313,2.049225091934204
1075,2.589416027069092,2.0233314037323
1076,2.7017998695373535,2.094766139984131
1077,2.497253179550171,2.01472544670105
1078,2.5798845291137695,1.9976654052734375
1079,2.678908586502075,2.112633466720581
1080,2.608771800994873,2.0179755687713623
1081,2.8287265300750732,2.054267168045044
1082,2.757925271987915,2.1185381412506104
1083,2.7247610092163086,2.1099822521209717
1084,2.6376547813415527,2.0178656578063965
1085,2.7231686115264893,2.103717803955078
1086,2.6919913291931152,2.0461697578430176
1087,2.7695107460021973,2.0682144165039062
1088,2.759036064147949,2.058375597000122
1089,2.6434292793273926,2.032770872116089
1090,2.749650001525879,2.0995852947235107
1091,2.732600450515747,2.098844528198242
1092,2.7826755046844482,2.058872938156128
1093,2.814816951751709,2.1158645153045654
1094,2.650219202041626,2.101318597793579
1095,2.7844009399414062,2.096513271331787
1096,2.656585693359375,2.037086009979248
1097,2.6718621253967285,2.1190598011016846
1098,2.7255136966705322,2.121915340423584
1099,2.767200469970703,2.0761194229125977
1100,2.8043150901794434,2.06825590133667
1101,2.7976953983306885,2.104698896408081
1102,2.745608329772949,2.149167776107788
1103,2.6529905796051025,2.1374754905700684
1104,2.7156291007995605,2.176445960998535
1105,2.7607128620147705,2.2017035484313965
1106,2.6842660903930664,2.20039439201355
1107,2.710069179534912,2.1687657833099365
1108,2.749462366104126,2.1550486087799072
1109,2.700564384460449,2.1681511402130127
1110,2.722987174987793,2.1296584606170654
1111,2.6958959102630615,2.1480987071990967
1112,2.711456537246704,2.188308000564575
1113,2.681142807006836,2.185422897338867
1114,2.7038822174072266,2.1693248748779297
1115,2.6618404388427734,2.1856181621551514
1116,2.5979044437408447,2.167391538619995
1117,2.707533597946167,2.1001267433166504
1118,2.7536795139312744,2.210552453994751
1119,2.6707825660705566,2.163421869277954
1120,2.7713706493377686,2.246469020843506
1121,2.6829144954681396,2.2505831718444824
1122,2.615596294403076,2.1876912117004395
1123,2.6153995990753174,2.098884105682373
1124,2.651618003845215,2.105024576187134
1125,2.672516107559204,2.260836601257324
1126,2.4944608211517334,2.0798017978668213
1127,2.577242612838745,2.1039652824401855
1128,2.7406136989593506,2.1846983432769775
1129,2.7200660705566406,2.1431970596313477
1130,2.7815675735473633,2.2288081645965576
1131,2.5516457557678223,2.133967161178589
1132,2.716409683227539,2.1592061519622803
1133,2.742297649383545,2.212766408920288
1134,2.7215285301208496,2.263479709625244
1135,2.802863359451294,2.14980411529541
1136,2.7783894538879395,2.1901192665100098
1137,2.7240188121795654,2.1742939949035645
1138,2.8083126544952393,2.174509048461914
1139,2.9139175415039062,2.2789194583892822
1140,2.801381826400757,2.2016801834106445
1141,2.840445041656494,2.3149521350860596
1142,2.7769837379455566,2.178342342376709
1143,2.7403759956359863,2.2554938793182373
1144,2.6872000694274902,2.134500741958618
1145,2.7437710762023926,2.1883418560028076
1146,2.8353652954101562,2.2526047229766846
1147,2.693031072616577,2.1556997299194336
1148,2.6948530673980713,2.263922691345215
1149,2.777467727661133,2.100149631500244
1150,2.738377094268799,2.3041818141937256
1151,2.7498674392700195,2.12455677986145
1152,2.6794087886810303,2.21539568901062
1153,2.6783981323242188,2.1166512966156006
1154,2.6135525703430176,2.14237904548645
1155,2.7511472702026367,2.2326455116271973
1156,2.6221296787261963,2.10490083694458
1157,2.64506459236145,2.1548259258270264
1158,2.6097803115844727,2.155160665512085
1159,2.633711576461792,2.0670459270477295
1160,2.5970568656921387,2.0674514770507812
1161,2.5258629322052,2.107057809829712
1162,2.5596346855163574,2.0682551860809326
1163,2.7837350368499756,2.1476259231567383
1164,2.6342506408691406,2.153292655944824
1165,2.645512342453003,2.0803282260894775
1166,2.660571813583374,2.1376845836639404
1167,2.6273458003997803,2.1234023571014404
1168,2.566739082336426,2.061924695968628
1169,2.515728235244751,2.0713741779327393
1170,2.6335558891296387,2.160015821456909
1171,2.5901622772216797,2.119886875152588
1172,2.597792863845825,2.111966371536255
1173,2.6505227088928223,2.1289234161376953
1174,2.493821382522583,2.076310873031616
1175,2.5656180381774902,2.037396192550659
1176,2.560248374938965,2.1021459102630615
1177,2.4898505210876465,2.0511326789855957
1178,2.590259075164795,2.0891661643981934
1179,2.6069812774658203,2.1818032264709473
1180,2.6023168563842773,1.965219259262085
1181,2.4883317947387695,2.0580708980560303
1182,2.612190008163452,2.0580437183380127
1183,2.540837049484253,2.015188217163086
1184,2.556145191192627,2.0516834259033203
1185,2.5959291458129883,2.072232246398926
1186,2.568568229675293,2.0339081287384033
1187,2.554056167602539,2.0101044178009033
1188,2.568525791168213,2.0420432090759277
1189,2.5464086532592773,2.000349998474121
1190,2.5221633911132812,2.0620310306549072
1191,2.5605223178863525,2.094754457473755
1192,2.4774858951568604,1.9559732675552368
1193,2.544745445251465,2.0941121578216553
1194,2.448352813720703,1.9793874025344849
1195,2.528111696243286,2.016209363937378
1196,2.496861457824707,1.9959447383880615
1197,2.542970657348633,1.951230764389038
1198,2.516835927963257,1.9959837198257446
1199,2.5022220611572266,1.9983587265014648
1200,2.4333958625793457,1.9808348417282104
1201,2.4261162281036377,1.9740294218063354
1202,2.3992254734039307,1.9176621437072754
1203,2.3888299465179443,1.9254944324493408
1204,2.522428274154663,1.9780287742614746
1205,2.408243417739868,1.8942182064056396
1206,2.4195282459259033,1.9581584930419922
1207,2.4634532928466797,1.9683884382247925
1208,2.467663288116455,1.9694499969482422
1209,2.5063767433166504,1.9170210361480713
1210,2.646725654602051,1.9105677604675293
1211,2.4911515712738037,1.9200721979141235
1212,2.5337088108062744,1.9443821907043457
1213,2.569977283477783,1.9579850435256958
1214,2.4697041511535645,1.9908065795898438
1215,2.5460622310638428,2.0140159130096436
1216,2.493454933166504,2.0217061042785645
1217,2.577256679534912,1.9429651498794556
1218,2.538318157196045,1.9785616397857666
1219,2.5368380546569824,1.9888999462127686
1220,2.725879192352295,1.934415340423584
1221,2.4855551719665527,1.96876060962677
1222,2.562671661376953,1.975648283958435
1223,2.508481025695801,1.9833104610443115
1224,2.606931209564209,1.9584224224090576
1225,2.613372564315796,2.0352540016174316
1226,2.4615159034729004,1.9714046716690063
1227,2.6571056842803955,2.0155744552612305
1228,2.637479782104492,2.046379327774048
1229,2.5300028324127197,1.97333824634552
1230,2.5235607624053955,1.9294887781143188
1231,2.42901873588562,1.9691290855407715
1232,2.564326763153076,1.9340025186538696
1233,2.490568161010742,1.9831804037094116
1234,2.5231740474700928,1.9954944849014282
1235,2.554605722427368,2.0216641426086426
1236,2.4890317916870117,1.9726953506469727
1237,2.562828540802002,2.020512819290161
1238,2.4892823696136475,1.9097869396209717
1239,2.3718762397766113,1.9433903694152832
1240,2.6657958030700684,1.997165322303772
1241,2.518031120300293,1.9572111368179321
1242,2.577061176300049,2.007063627243042
1243,2.572798490524292,1.9981268644332886
1244,2.6744582653045654,2.0199708938598633
1245,2.7243459224700928,2.093128204345703
1246,2.4472098350524902,1.9574799537658691
1247,2.6191246509552,1.9727892875671387
1248,2.6407980918884277,2.003593921661377
1249,2.616715908050537,1.9974815845489502
1250,2.612996816635132,1.9756513833999634
1251,2.6505210399627686,2.0205507278442383
1252,2.5953235626220703,2.100090265274048
1253,2.4825823307037354,1.964452862739563
1254,2.606536865234375,2.0381529331207275
1255,2.541914701461792,2.0597145557403564
1256,2.4965178966522217,2.0050041675567627
1257,2.6569721698760986,2.1462833881378174
1258,2.528343677520752,2.054273843765259
1259,2.601393938064575,2.057084798812866
1260,2.523646831512451,1.9708831310272217
1261,2.4545066356658936,2.0318775177001953
1262,2.414215564727783,2.020948648452759
1263,2.490206003189087,1.99180006980896
1264,2.4377083778381348,1.9954389333724976
1265,2.443650245666504,1.932155728340149
1266,2.4719483852386475,2.0124247074127197
1267,2.5065460205078125,2.0613625049591064
1268,2.529913902282715,1.9574542045593262
1269,2.462000846862793,2.0291309356689453
1270,2.5139319896698,2.0503878593444824
1271,2.434544086456299,1.9774396419525146
1272,2.521848678588867,2.0294992923736572
1273,2.458495616912842,2.019113540649414
1274,2.5142698287963867,1.9881774187088013
1275,2.480320692062378,1.9521939754486084
1276,2.4805727005004883,1.905090570449829
1277,2.562065839767456,2.004028797149658
1278,2.519672393798828,1.8519706726074219
1279,2.643436908721924,2.008786678314209
1280,2.5504157543182373,1.8980979919433594
1281,2.5348880290985107,1.990159273147583
1282,2.6464858055114746,2.0021932125091553
1283,2.5419464111328125,2.0406973361968994
1284,2.611138343811035,1.9999549388885498
1285,2.542208194732666,2.0412166118621826
1286,2.624725580215454,1.9425898790359497
1287,2.5692760944366455,2.119863271713257
1288,2.4832894802093506,1.893920660018921
1289,2.5849363803863525,2.0201525688171387
1290,2.577745199203491,1.9821869134902954
1291,2.4424612522125244,1.974204421043396
1292,2.514458179473877,1.9533181190490723
1293,2.5413870811462402,1.9061332941055298
1294,2.4334421157836914,1.8838391304016113
1295,2.6299824714660645,1.9476805925369263
1296,2.5239880084991455,1.956523060798645
1297,2.5061912536621094,1.8893531560897827
1298,2.6336591243743896,2.0166027545928955
1299,2.5654802322387695,1.8586937189102173
1300,2.542567253112793,1.9709131717681885
1301,2.594708204269409,1.9264765977859497
1302,2.5350425243377686,1.9852994680404663
1303,2.5964746475219727,1.922070026397705
1304,2.5927188396453857,2.048609733581543
1305,2.559900999069214,1.8540232181549072
1306,2.644437551498413,1.9880467653274536
1307,2.553241491317749,1.9245717525482178
1308,2.4362497329711914,1.8845725059509277
1309,2.4856529235839844,1.9032961130142212
1310,2.534224271774292,1.9403164386749268
1311,2.507152795791626,1.9366730451583862
1312,2.5336151123046875,1.9546399116516113
1313,2.527195930480957,1.9681910276412964
1314,2.559722423553467,1.9360778331756592
1315,2.5880653858184814,1.8772189617156982
1316,2.5083253383636475,1.8760470151901245
1317,2.4493582248687744,1.9225443601608276
1318,2.527066946029663,1.8951665163040161
1319,2.4233665466308594,1.8540173768997192
1320,2.5129804611206055,1.9033102989196777
1321,2.3966903686523438,1.8400678634643555
1322,2.4133973121643066,1.876424789428711
1323,2.5377988815307617,1.8960633277893066
1324,2.35952091217041,1.8245965242385864
1325,2.5014448165893555,1.9082878828048706
1326,2.444396734237671,1.8519940376281738
1327,2.42718243598938,1.8947429656982422
1328,2.4258663654327393,1.8874635696411133
1329,2.568258762359619,1.988810420036316
1330,2.4710452556610107,1.9446673393249512
1331,2.547236919403076,1.9262747764587402
1332,2.4345171451568604,1.8263834714889526
1333,2.48335862159729,1.9260774850845337
1334,2.4447052478790283,1.8817968368530273
1335,2.463839054107666,1.8994436264038086
1336,2.371577024459839,1.860031247138977
1337,2.4175643920898438,1.8160916566848755
1338,2.425983190536499,1.8491113185882568
1339,2.4583005905151367,1.9059548377990723
1340,2.4092979431152344,1.8668421506881714
1341,2.376695156097412,1.9073870182037354
1342,2.44205904006958,1.94130539894104
1343,2.4154365062713623,1.8678501844406128
1344,2.381659984588623,1.9127060174942017
1345,2.42698335647583,1.8566662073135376
1346,2.523137092590332,1.908594012260437
1347,2.5573501586914062,1.9622585773468018
1348,2.3610951900482178,1.9322097301483154
1349,2.564671516418457,1.9555085897445679
1350,2.327167510986328,1.8793597221374512
1351,2.5098319053649902,1.8992708921432495
1352,2.504446506500244,1.931450366973877
1353,2.3908791542053223,1.9289251565933228
1354,2.483214855194092,1.8971340656280518
1355,2.388644218444824,1.8876829147338867
1356,2.3424458503723145,1.8641496896743774
1357,2.247447967529297,1.7810184955596924
1358,2.4562582969665527,1.9452096223831177
1359,2.4693617820739746,1.9154242277145386
1360,2.528181314468384,1.892580270767212
1361,2.514700412750244,1.9760196208953857
1362,2.570004940032959,1.951841950416565
1363,2.4872024059295654,1.873418927192688
1364,2.4368398189544678,1.9540787935256958
1365,2.453331232070923,1.9359898567199707
1366,2.570462226867676,1.9873030185699463
1367,2.597527265548706,1.9912670850753784
1368,2.5814058780670166,1.9836387634277344
1369,2.4559593200683594,1.9576951265335083
1370,2.5459542274475098,2.0077319145202637
1371,2.4322781562805176,1.8551275730133057
1372,2.370133876800537,1.8797354698181152
1373,2.4885435104370117,1.9674129486083984
1374,2.28434157371521,1.8806447982788086
1375,2.401099681854248,1.9259103536605835
1376,2.317230701446533,1.9134528636932373
1377,2.4339284896850586,1.9478343725204468
1378,2.4081926345825195,1.958457589149475
1379,2.398542642593384,1.8934324979782104
1380,2.366272211074829,1.8830355405807495
1381,2.444704055786133,1.9840610027313232
1382,2.3633437156677246,1.9476585388183594
1383,2.459052562713623,1.9571664333343506
1384,2.4999959468841553,1.9403539896011353
1385,2.3737261295318604,1.9392871856689453
1386,2.557246685028076,1.950836420059204
1387,2.401780605316162,1.9233120679855347
1388,2.4233179092407227,2.0036635398864746
1389,2.346496105194092,1.8727152347564697
1390,2.397141933441162,1.8606595993041992
1391,2.4432363510131836,1.9279701709747314
1392,2.3922338485717773,1.882293462753296
1393,2.5206265449523926,1.9239377975463867
1394,2.4444284439086914,1.9868507385253906
1395,2.599367141723633,2.000361442565918
1396,2.5627169609069824,1.9726945161819458
1397,2.4984042644500732,1.9928419589996338
1398,2.4966726303100586,1.9836727380752563
1399,2.5314035415649414,1.9571576118469238
1400,2.566410541534424,1.9723206758499146
1401,2.5609333515167236,1.9668421745300293
1402,2.493669033050537,1.9731236696243286
1403,2.567915439605713,2.0070927143096924
1404,2.581378936767578,1.95010507106781
1405,2.5619869232177734,1.991200566291809
1406,2.4759814739227295,1.9946023225784302
1407,2.3962888717651367,1.9949678182601929
1408,2.5173940658569336,1.9959205389022827
1409,2.59714412689209,2.03340482711792
1410,2.4260435104370117,2.000096082687378
1411,2.420231580734253,2.0457568168640137
1412,2.3590898513793945,1.9854962825775146
1413,2.464337110519409,2.0117318630218506
1414,2.5165822505950928,1.9776767492294312
1415,2.5236306190490723,1.9948383569717407
1416,2.416865348815918,1.9792550802230835
1417,2.5203299522399902,1.9675613641738892
1418,2.5177762508392334,2.0437052249908447
1419,2.4735770225524902,1.984848141670227
1420,2.4758238792419434,2.021531820297241
1421,2.4866223335266113,2.0455751419067383
1422,2.4843602180480957,1.9883649349212646
1423,2.577674627304077,2.0311734676361084
1424,2.5991077423095703,2.0201942920684814
1425,2.559239387512207,2.0046916007995605
1426,2.5675225257873535,2.00015926361084
1427,2.4958462715148926,1.971494197845459
1428,2.5202674865722656,1.9709863662719727
1429,2.6534111499786377,1.9807840585708618
1430,2.594627857208252,1.9796741008758545
1431,2.52998423576355,1.9531867504119873
1432,2.515322208404541,1.9692323207855225
1433,2.493588924407959,1.970513105392456
1434,2.4163601398468018,1.9643913507461548
1435,2.4897398948669434,1.957003116607666
1436,2.4599502086639404,2.019878387451172
1437,2.624702215194702,1.9974619150161743
1438,2.6633903980255127,2.0377373695373535
1439,2.5332751274108887,1.9994193315505981
1440,2.6070199012756348,2.0273749828338623
1441,2.5172195434570312,1.9767577648162842
1442,2.6233625411987305,2.05686092376709
1443,2.5416548252105713,1.9559011459350586
1444,2.5211706161499023,1.9870353937149048
1445,2.4492392539978027,1.9859514236450195
1446,2.5889618396759033,2.0258302688598633
1447,2.595869302749634,2.0547478199005127
1448,2.47922420501709,2.001967430114746
1449,2.4818382263183594,1.9532722234725952
1450,2.417930841445923,1.9084346294403076
1451,2.529573440551758,1.9946873188018799
1452,2.481703519821167,1.9804190397262573
1453,2.4750711917877197,1.9830645322799683
1454,2.575869083404541,2.037698745727539
1455,2.5400562286376953,1.982321858406067
1456,2.526583671569824,1.9530891180038452
1457,2.497097969055176,1.9902918338775635
1458,2.5087954998016357,1.9253491163253784
1459,2.5710320472717285,1.9781887531280518
1460,2.5647311210632324,1.9949818849563599
1461,2.6252150535583496,1.9479609727859497
1462,2.4874773025512695,2.014187812805176
1463,2.5933525562286377,2.0118155479431152
1464,2.6150124073028564,2.0406010150909424
1465,2.637322425842285,2.0511200428009033
1466,2.5217103958129883,2.0055134296417236
1467,2.529818534851074,1.9716490507125854
1468,2.594452142715454,2.008479356765747
1469,2.611698627471924,2.0699565410614014
1470,2.613678455352783,2.06630802154541
1471,2.7008752822875977,2.1328251361846924
1472,2.600461483001709,2.118618965148926
1473,2.657564640045166,2.091169834136963
1474,2.5592894554138184,2.04211688041687
1475,2.4180638790130615,1.980961561203003
1476,2.4695303440093994,1.9848260879516602
1477,2.523433208465576,2.0225629806518555
1478,2.5015053749084473,2.0186266899108887
1479,2.566636562347412,2.0232841968536377
1480,2.6946353912353516,2.0979831218719482
1481,2.5539963245391846,2.056736469268799
1482,2.495607376098633,2.046236276626587
1483,2.531658172607422,2.027653694152832
1484,2.5357398986816406,2.0118489265441895
1485,2.697434425354004,2.1091690063476562
1486,2.6663551330566406,2.0183119773864746
1487,2.6562387943267822,2.043315887451172
1488,2.5876846313476562,1.9810101985931396
1489,2.5226237773895264,2.0831151008605957
1490,2.5381577014923096,1.9982199668884277
1491,2.5508828163146973,1.9862362146377563
1492,2.480379581451416,1.9608838558197021
1493,2.470468282699585,2.0473885536193848
1494,2.500992774963379,2.069378137588501
1495,2.4982221126556396,2.043494939804077
1496,2.5629477500915527,2.0730462074279785
1497,2.4601290225982666,1.9971953630447388
1498,2.4159951210021973,1.9911071062088013
1499,2.461073398590088,2.00285267829895
1500,2.43576979637146,2.0561752319335938
1501,2.400667190551758,1.9643810987472534
1502,2.5107944011688232,2.047879934310913
1503,2.3318254947662354,1.9245972633361816
1504,2.548900604248047,2.0461525917053223
1505,2.474297523498535,1.978491187095642
1506,2.5212197303771973,2.0264170169830322
1507,2.6314594745635986,2.050650119781494
1508,2.4608287811279297,2.006589651107788
1509,2.438643455505371,2.021683692932129
1510,2.574812173843384,2.029226303100586
1511,2.584106922149658,2.0340323448181152
1512,2.5789918899536133,1.964616298675537
1513,2.542576551437378,1.993247628211975
1514,2.479403495788574,1.9957506656646729
1515,2.5092246532440186,2.0276918411254883
1516,2.4767532348632812,2.0015807151794434
1517,2.549739360809326,2.0875065326690674
1518,2.603487014770508,2.008110523223877
1519,2.489163875579834,1.9985926151275635
1520,2.544212579727173,1.9884430170059204
1521,2.475039005279541,1.9888805150985718
1522,2.5894775390625,2.060837745666504
1523,2.6529531478881836,2.052161931991577
1524,2.546950340270996,2.0253472328186035
1525,2.47826886177063,1.9721448421478271
1526,2.564244270324707,1.9949963092803955
1527,2.5269899368286133,2.0180470943450928
1528,2.5465025901794434,2.0504801273345947
1529,2.644226312637329,2.1042826175689697
1530,2.7877542972564697,2.1299421787261963
1531,2.638360023498535,2.126682758331299
1532,2.7102718353271484,2.1196653842926025
1533,2.694054126739502,2.16515851020813
1534,2.674790859222412,2.179105043411255
1535,2.666937828063965,2.139002799987793
1536,2.650641441345215,2.0701727867126465
1537,2.6113128662109375,2.0553228855133057
1538,2.613374710083008,2.129157066345215
1539,2.6150994300842285,2.0623257160186768
1540,2.7290000915527344,2.1206774711608887
1541,2.7166659832000732,2.0773980617523193
1542,2.7007129192352295,2.1764345169067383
1543,2.6893980503082275,2.1687493324279785
1544,2.7729570865631104,2.1861987113952637
1545,2.686095714569092,2.108264207839966
1546,2.718960762023926,2.1829824447631836
1547,2.734569549560547,2.1995556354522705
1548,2.600506067276001,2.134871482849121
1549,2.7446436882019043,2.1679389476776123
1550,2.763643503189087,2.2123947143554688
1551,2.7438042163848877,2.278353691101074
1552,2.6676700115203857,2.181917428970337
1553,2.7012531757354736,2.150296449661255
1554,2.751173734664917,2.185659885406494
1555,2.677952289581299,2.1961429119110107
1556,2.8898849487304688,2.264392137527466
1557,2.7888681888580322,2.1606976985931396
1558,2.758395195007324,2.2036666870117188
1559,2.737696409225464,2.192789077758789
1560,2.754164695739746,2.1196210384368896
1561,2.7912259101867676,2.18605637550354
1562,2.730257272720337,2.165133476257324
1563,2.814973831176758,2.2590670585632324
1564,2.7385289669036865,2.1800410747528076
1565,2.747554302215576,2.230961799621582
1566,2.6753742694854736,2.2314348220825195
1567,2.7366859912872314,2.2094907760620117
1568,2.6638107299804688,2.1249215602874756
1569,2.737335443496704,2.1114368438720703
1570,2.737844944000244,2.168856143951416
1571,2.7054128646850586,2.1645634174346924
1572,2.6428654193878174,2.193293333053589
1573,2.77968692779541,2.212919235229492
1574,2.698427438735962,2.1265504360198975
1575,2.5960235595703125,2.114957094192505
1576,2.6534674167633057,2.1460025310516357
1577,2.6899912357330322,2.132044792175293
1578,2.619417190551758,2.0993196964263916
1579,2.7429466247558594,2.109555244445801
1580,2.785642385482788,2.1712961196899414
1581,2.650484800338745,2.107851505279541
1582,2.5977396965026855,2.047748565673828
1583,2.69301700592041,2.0773308277130127
1584,2.666107654571533,2.1266465187072754
1585,2.701748847961426,2.1053731441497803
1586,2.723888397216797,2.0931954383850098
1587,2.5118911266326904,2.0415713787078857
1588,2.666409730911255,2.145068407058716
1589,2.697545289993286,2.040680408477783
1590,2.7773921489715576,2.1727395057678223
1591,2.757852554321289,2.154792308807373
1592,2.725209951400757,2.0834503173828125
1593,2.7517900466918945,2.061983108520508
1594,2.775547981262207,2.1497325897216797
1595,2.825352668762207,2.0684332847595215
1596,2.7781293392181396,2.045846939086914
1597,2.759948253631592,2.117669105529785
1598,2.6959991455078125,2.126513957977295
1599,2.718047618865967,2.168231964111328
1600,2.711289405822754,2.1100356578826904
1601,2.856360912322998,2.1620731353759766
1602,2.7867348194122314,2.093158483505249
1603,2.7023279666900635,2.140657901763916
1604,2.6741273403167725,2.1415328979492188
1605,2.6541242599487305,2.077922821044922
1606,2.6520981788635254,2.095134735107422
1607,2.6755928993225098,2.09423565864563
1608,2.6312527656555176,2.0521581172943115
1609,2.7392547130584717,2.2064414024353027
1610,2.6395668983459473,2.0237486362457275
1611,2.6170597076416016,2.015876293182373
1612,2.6911439895629883,2.1299960613250732
1613,2.6174044609069824,2.091343879699707
1614,2.816946029663086,2.101809501647949
1615,2.7990849018096924,2.2379257678985596
1616,2.707496404647827,2.110555410385132
1617,2.6598570346832275,2.118292808532715
1618,2.745455026626587,2.076223611831665
1619,2.7478458881378174,2.0919158458709717
1620,2.763441562652588,2.117823839187622
1621,2.755472421646118,2.176323652267456
1622,2.8002195358276367,2.136164665222168
1623,2.713508367538452,2.0994350910186768
1624,2.7225563526153564,2.1685242652893066
1625,2.731675624847412,2.1645667552948
1626,2.707533121109009,2.1024835109710693
1627,2.6243245601654053,2.095731258392334
1628,2.792861223220825,2.1335206031799316
1629,2.69743013381958,2.1625823974609375
1630,2.743180751800537,2.1319234371185303
1631,2.715730667114258,2.186295509338379
1632,2.6806087493896484,2.1742231845855713
1633,2.614337205886841,2.111300230026245
1634,2.6708147525787354,2.1548409461975098
1635,2.7238457202911377,2.1704156398773193
1636,2.6100594997406006,2.086348056793213
1637,2.6696629524230957,2.130171537399292
1638,2.6772336959838867,2.1503427028656006
1639,2.5314507484436035,2.073476552963257
1640,2.663543939590454,2.127190113067627
1641,2.6295723915100098,2.087259292602539
1642,2.584606409072876,2.0896060466766357
1643,2.6665892601013184,2.101815938949585
1644,2.5525474548339844,2.0473313331604004
1645,2.5606796741485596,2.0700559616088867
1646,2.512134552001953,2.0607573986053467
1647,2.591641664505005,2.0444085597991943
1648,2.566715955734253,2.0578067302703857
1649,2.5668039321899414,2.082134485244751
1650,2.5870447158813477,2.0655605792999268
1651,2.687316656112671,2.03303861618042
1652,2.678013324737549,2.0804009437561035
1653,2.606245279312134,2.0997865200042725
1654,2.563924551010132,2.0909271240234375
1655,2.5307254791259766,1.9654957056045532
1656,2.61535906791687,2.0285110473632812
1657,2.6537983417510986,2.0862958431243896
1658,2.709439277648926,2.050272226333618
1659,2.724134922027588,2.0616886615753174
1660,2.5910463333129883,2.063845634460449
1661,2.5596158504486084,2.006559371948242
1662,2.5745434761047363,2.0556938648223877
1663,2.508204936981201,2.056704044342041
1664,2.618840217590332,2.036388874053955
1665,2.600074529647827,2.0386431217193604
1666,2.6084890365600586,2.0162549018859863
1667,2.520599842071533,2.045797824859619
1668,2.5924904346466064,2.0207087993621826
1669,2.6516780853271484,2.0153865814208984
1670,2.3908562660217285,1.9867767095565796
1671,2.5632266998291016,1.935907244682312
1672,2.5615038871765137,2.017479419708252
1673,2.532867670059204,1.9903564453125
1674,2.6168160438537598,1.9963773488998413
1675,2.652519702911377,1.9988173246383667
1676,2.6087472438812256,2.0067451000213623
1677,2.6065421104431152,1.9375582933425903
1678,2.7132210731506348,1.9960294961929321
1679,2.7007949352264404,2.0210559368133545
1680,2.5683999061584473,1.985640287399292
1681,2.5510783195495605,1.9813278913497925
1682,2.6260557174682617,1.9230754375457764
1683,2.637253761291504,1.9822100400924683
1684,2.5694384574890137,1.9632829427719116
1685,2.6375460624694824,2.024301528930664
1686,2.629031181335449,1.996284008026123
1687,2.687317132949829,2.0071065425872803
1688,2.659900665283203,2.0302727222442627
1689,2.714714288711548,2.0504379272460938
1690,2.669462203979492,2.042707920074463
1691,2.7375435829162598,2.1459758281707764
1692,2.6436984539031982,2.0490341186523438
1693,2.7312769889831543,2.0989694595336914
1694,2.6502368450164795,1.991844654083252
1695,2.753235340118408,2.0783071517944336
1696,2.7016215324401855,2.139317512512207
1697,2.666640520095825,2.0363800525665283
1698,2.6659536361694336,2.062974452972412
1699,2.640110492706299,2.109797954559326
1700,2.6382687091827393,2.0614521503448486
1701,2.656820297241211,2.1103436946868896
1702,2.7309672832489014,2.0779271125793457
1703,2.7707417011260986,2.0859789848327637
1704,2.702969551086426,2.063793420791626
1705,2.584765672683716,1.9844807386398315
1706,2.79885196685791,2.135399103164673
1707,2.6795244216918945,2.1547274589538574
1708,2.627140998840332,2.0589351654052734
1709,2.609833002090454,2.0684573650360107
1710,2.612859010696411,2.072361707687378
1711,2.7474541664123535,2.138511896133423
1712,2.6441283226013184,2.0833775997161865
1713,2.738233804702759,2.1268553733825684
1714,2.7826764583587646,2.135528087615967
1715,2.665656566619873,2.15676212310791
1716,2.6247079372406006,2.0924313068389893
1717,2.737185001373291,2.1473586559295654
1718,2.7144765853881836,2.2027487754821777
1719,2.5479352474212646,2.140045642852783
1720,2.5963118076324463,2.0829854011535645
1721,2.6722888946533203,2.1387288570404053
1722,2.7194104194641113,2.2292516231536865
1723,2.6678078174591064,2.179466485977173
1724,2.654336929321289,2.129478693008423
1725,2.6622869968414307,2.1766881942749023
1726,2.7376978397369385,2.2156288623809814
1727,2.6376307010650635,2.193561553955078
1728,2.5280799865722656,2.1017305850982666
1729,2.691843032836914,2.180685043334961
1730,2.6580700874328613,2.143301486968994
1731,2.613095760345459,2.160085916519165
1732,2.529214859008789,2.133667469024658
1733,2.578871011734009,2.0756583213806152
1734,2.6189968585968018,2.1074938774108887
1735,2.609038829803467,2.134158134460449
1736,2.562046527862549,2.134657621383667
1737,2.6194450855255127,2.171623945236206
1738,2.5543699264526367,2.0471041202545166
1739,2.6060807704925537,2.047208786010742
1740,2.5865182876586914,2.1141417026519775
1741,2.656653642654419,2.105289936065674
1742,2.458373546600342,2.086766004562378
1743,2.494462013244629,2.0514538288116455
1744,2.504350423812866,2.0727016925811768
1745,2.5394535064697266,2.129242181777954
1746,2.4694342613220215,2.060527801513672
1747,2.438779354095459,2.106668472290039
1748,2.5095338821411133,2.0824897289276123
1749,2.5505478382110596,2.087616205215454
1750,2.346583366394043,2.0721182823181152
1751,2.45739483833313,2.0351555347442627
1752,2.4722962379455566,2.0253045558929443
1753,2.5006885528564453,2.023317575454712
1754,2.420825719833374,1.9884940385818481
1755,2.519122362136841,2.0631635189056396
1756,2.553793430328369,2.0603439807891846
1757,2.5224196910858154,2.0107829570770264
1758,2.5297722816467285,1.9779244661331177
1759,2.5953924655914307,2.040520429611206
1760,2.6530420780181885,2.1123969554901123
1761,2.5911216735839844,2.044175624847412
1762,2.418194055557251,1.9948816299438477
1763,2.4707393646240234,2.069399356842041
1764,2.574270248413086,1.9700331687927246
1765,2.419217109680176,1.9671095609664917
1766,2.539152145385742,2.0023081302642822
1767,2.5158026218414307,2.0033459663391113
1768,2.4952609539031982,1.9662284851074219
1769,2.520496368408203,1.9914641380310059
1770,2.435002326965332,1.9744433164596558
1771,2.4719502925872803,1.9761029481887817
1772,2.387037754058838,1.913849115371704
1773,2.4643115997314453,1.928552269935608
1774,2.4950361251831055,2.028953790664673
1775,2.466662645339966,1.974974274635315
1776,2.3982887268066406,1.9376252889633179
1777,2.517409324645996,2.0463998317718506
1778,2.34879207611084,1.9251168966293335
1779,2.4500980377197266,1.963210940361023
1780,2.4116873741149902,1.9858300685882568
1781,2.3865411281585693,1.9658615589141846
1782,2.4304025173187256,2.051647901535034
1783,2.4063475131988525,1.917223572731018
1784,2.424283504486084,2.010817527770996
1785,2.346621513366699,1.9598281383514404
1786,2.390517473220825,1.9507415294647217
1787,2.408285617828369,1.8848767280578613
1788,2.393890142440796,2.0566446781158447
1789,2.467186450958252,2.0661423206329346
1790,2.4151735305786133,1.9810863733291626
1791,2.470435619354248,2.048959970474243
1792,2.348944902420044,1.9688963890075684
1793,2.4049363136291504,1.9654580354690552
1794,2.408647060394287,1.935174584388733
1795,2.3980977535247803,1.959263801574707
1796,2.387397289276123,2.0069072246551514
1797,2.4533462524414062,1.9584267139434814
1798,2.339632511138916,1.9228116273880005
1799,2.4636666774749756,1.933512568473816
1800,2.293025016784668,1.9433726072311401
1801,2.302851438522339,1.9646319150924683
1802,2.3643996715545654,1.9665521383285522
1803,2.403472423553467,1.9050250053405762
1804,2.407991886138916,1.9048141241073608
1805,2.3990325927734375,1.9206007719039917
1806,2.424114942550659,1.9356458187103271
1807,2.402099609375,1.9664307832717896
1808,2.430030107498169,1.9103271961212158
1809,2.446937084197998,1.9696266651153564
1810,2.4789700508117676,1.9007391929626465
1811,2.407346487045288,1.8938475847244263
1812,2.3682961463928223,1.9132617712020874
1813,2.366300106048584,1.905560851097107
1814,2.3538131713867188,1.8474476337432861
1815,2.50124454498291,1.8509289026260376
1816,2.298020124435425,1.8349394798278809
1817,2.269559383392334,1.842984676361084
1818,2.327073335647583,1.872206449508667
1819,2.355398178100586,1.8192976713180542
1820,2.3398079872131348,1.8720927238464355
1821,2.367734670639038,1.8064059019088745
1822,2.31974196434021,1.8140904903411865
1823,2.394484758377075,1.8619399070739746
1824,2.3158490657806396,1.8526463508605957
1825,2.3492112159729004,1.8429616689682007
1826,2.2593460083007812,1.7915503978729248
1827,2.305690288543701,1.8153703212738037
1828,2.304959297180176,1.8240431547164917
1829,2.2622597217559814,1.8214075565338135
1830,2.1507906913757324,1.7427705526351929
1831,2.2198641300201416,1.812430739402771
1832,2.2792019844055176,1.7459181547164917
1833,2.3502213954925537,1.8468190431594849
1834,2.316007137298584,1.817299246788025
1835,2.479473114013672,1.850768804550171
1836,2.395857334136963,1.8264315128326416
1837,2.274441719055176,1.8827728033065796
1838,2.328986644744873,1.8880996704101562
1839,2.4720659255981445,1.837999701499939
1840,2.4692251682281494,1.8567873239517212
1841,2.369058132171631,1.8037328720092773
1842,2.3896446228027344,1.856957197189331
1843,2.5267508029937744,1.902564287185669
1844,2.4802167415618896,1.8719381093978882
1845,2.4875125885009766,1.9035471677780151
1846,2.404397487640381,1.911845088005066
1847,2.4167699813842773,1.9314976930618286
1848,2.313251495361328,1.840577483177185
1849,2.45381760597229,1.931801199913025
1850,2.4513607025146484,1.9305107593536377
1851,2.5108470916748047,1.935307264328003
1852,2.431975841522217,1.898607850074768
1853,2.477386951446533,2.00236177444458
1854,2.4811782836914062,1.9908446073532104
1855,2.41044282913208,1.979300618171692
1856,2.4880239963531494,2.0139145851135254
1857,2.477795362472534,1.9409692287445068
1858,2.514946699142456,1.9418222904205322
1859,2.5074472427368164,1.9972929954528809
1860,2.3043296337127686,1.9260362386703491
1861,2.3457424640655518,1.8999519348144531
1862,2.3185219764709473,1.9209386110305786
1863,2.4468140602111816,1.948154330253601
1864,2.3926236629486084,1.9711997509002686
1865,2.391545295715332,1.9690723419189453
1866,2.3754663467407227,1.9125018119812012
1867,2.438823699951172,1.945976734161377
1868,2.444530487060547,1.9322150945663452
1869,2.3111982345581055,1.9312491416931152
1870,2.3840761184692383,1.970142126083374
1871,2.464529037475586,1.98574960231781
1872,2.384779214859009,2.002356767654419
1873,2.3698976039886475,1.9183485507965088
1874,2.3440308570861816,1.9077399969100952
1875,2.3197414875030518,1.8881758451461792
1876,2.369767904281616,1.8526573181152344
1877,2.536400556564331,1.996897578239441
1878,2.422731399536133,1.9250824451446533
1879,2.379922389984131,1.9421993494033813
1880,2.397003173828125,1.9545387029647827
1881,2.462444305419922,1.8941094875335693
1882,2.4137182235717773,1.8728667497634888
1883,2.3209686279296875,1.9329376220703125
1884,2.3762385845184326,1.9854140281677246
1885,2.4025332927703857,1.9916306734085083
1886,2.3217861652374268,1.9248019456863403
1887,2.388288736343384,1.9838142395019531
1888,2.3395943641662598,1.8775895833969116
1889,2.374645471572876,1.916813611984253
1890,2.323549270629883,1.9340256452560425
1891,2.3279030323028564,1.8994280099868774
1892,2.288100004196167,1.90372896194458
1893,2.2940168380737305,1.8537135124206543
1894,2.2747631072998047,1.9174484014511108
1895,2.2450764179229736,1.8605973720550537
1896,2.2635765075683594,1.9200183153152466
1897,2.2590792179107666,1.8643335103988647
1898,2.148939609527588,1.75802743434906
1899,2.2320170402526855,1.8932191133499146
1900,2.1082098484039307,1.7429192066192627
1901,2.146239995956421,1.8109740018844604
1902,2.1359336376190186,1.8146835565567017
1903,2.181042432785034,1.792107105255127
1904,2.1038990020751953,1.8695012331008911
1905,2.218982696533203,1.737650990486145
1906,2.120626926422119,1.7931365966796875
1907,2.11372971534729,1.7947800159454346
1908,2.212810516357422,1.7621525526046753
1909,2.250401496887207,1.805968999862671
1910,2.279139518737793,1.7589105367660522
1911,2.2927112579345703,1.8000013828277588
1912,2.309406280517578,1.8045761585235596
1913,2.4200210571289062,1.8216649293899536
1914,2.4361319541931152,1.8154315948486328
1915,2.3964946269989014,1.840550184249878
1916,2.3639047145843506,1.7866460084915161
1917,2.3323657512664795,1.8071744441986084
1918,2.356902599334717,1.846365213394165
1919,2.38612961769104,1.8034777641296387
1920,2.4611477851867676,1.8148016929626465
1921,2.2456090450286865,1.76105797290802
1922,2.307861328125,1.7679529190063477
1923,2.419670343399048,1.8964431285858154
1924,2.356971263885498,1.8099164962768555
1925,2.394582748413086,1.8949857950210571
1926,2.3207082748413086,1.7900974750518799
1927,2.4049530029296875,1.8337228298187256
1928,2.377042770385742,1.7844232320785522
1929,2.3670966625213623,1.8236889839172363
1930,2.4307785034179688,1.7876371145248413
1931,2.3739569187164307,1.775741457939148
1932,2.2568821907043457,1.7749302387237549
1933,2.2179183959960938,1.757420301437378
1934,2.303708553314209,1.7299060821533203
1935,2.366305112838745,1.763582706451416
1936,2.1912176609039307,1.7341461181640625
1937,2.2296619415283203,1.7162140607833862
1938,2.271320104598999,1.7312084436416626
1939,2.217517614364624,1.7286255359649658
1940,2.261441230773926,1.7029120922088623
1941,2.2813026905059814,1.7598575353622437
1942,2.3493943214416504,1.8282415866851807
1943,2.2832868099212646,1.7624517679214478
1944,2.3014445304870605,1.816521406173706
1945,2.2956483364105225,1.8106725215911865
1946,2.362870693206787,1.8225589990615845
1947,2.338958978652954,1.8883572816848755
1948,2.348445415496826,1.85019850730896
1949,2.3573055267333984,1.8567315340042114
1950,2.376856565475464,1.8480209112167358
1951,2.3735649585723877,1.851839303970337
1952,2.299839496612549,1.8099122047424316
1953,2.421271324157715,1.869093418121338
1954,2.4696691036224365,1.9249324798583984
1955,2.4748523235321045,1.9584050178527832
1956,2.462012529373169,1.9475454092025757
1957,2.4275574684143066,1.968363881111145
1958,2.407832622528076,1.8827595710754395
1959,2.4452857971191406,1.901971459388733
1960,2.444591999053955,1.957828164100647
1961,2.4586145877838135,1.90777587890625
1962,2.478580951690674,1.8668766021728516
1963,2.5103845596313477,1.9756892919540405
1964,2.461246967315674,1.957154631614685
1965,2.367000102996826,1.9275668859481812
1966,2.305619239807129,1.8699895143508911
1967,2.525908946990967,2.016369342803955
1968,2.4348440170288086,2.014420986175537
1969,2.475231647491455,2.0120887756347656
1970,2.4662535190582275,1.9635062217712402
1971,2.478621482849121,2.003288984298706
1972,2.509962320327759,2.0611066818237305
1973,2.539959192276001,2.0327610969543457
1974,2.636842727661133,2.0399279594421387
1975,2.45999813079834,2.034233570098877
1976,2.655571699142456,2.079054832458496
1977,2.606627941131592,2.1216375827789307
1978,2.7040977478027344,2.12345552444458
1979,2.7294373512268066,2.2097630500793457
1980,2.7061057090759277,2.1793625354766846
1981,2.7571702003479004,2.254646062850952
1982,2.6943283081054688,2.140645742416382
1983,2.6436386108398438,2.0943846702575684
1984,2.737884759902954,2.1501951217651367
1985,2.6727285385131836,2.1580584049224854
1986,2.672628402709961,2.105713367462158
1987,2.6685242652893066,2.101001024246216
1988,2.5691370964050293,2.0740392208099365
1989,2.7298076152801514,2.150940179824829
1990,2.8241143226623535,2.245378017425537
1991,2.68330717086792,2.195751905441284
1992,2.7901763916015625,2.237393856048584
1993,2.6717987060546875,2.199753522872925
1994,2.6657936573028564,2.2097301483154297
1995,2.6917600631713867,2.210660696029663
1996,2.7555923461914062,2.2880020141601562
1997,2.6757376194000244,2.246121883392334
1998,2.664566993713379,2.212864875793457
1999,2.828800916671753,2.265331506729126
2000,2.759925365447998,2.207749843597412
